hp-sl
serial
0.620798,
0.665479,
0.668250,
0.612406,
0.640018

4 threaduri
0.233606,
0.191023,
0.241307,
0.233809,
0.187916

2 threduri
0.452722,
0.453048,
0.422185,
0.366174,
0.352101

8 threaduri
0.127759
0.125160
0.126209
0.107444
0.106378

10 threaduri
0.111612,
0.107426,
0.106887,
0.099122,
0.101728

12 threaduri
0.083331,
0.091282,
0.094319,
0.085226,
0.087437






ibm-dp
serial
1.023141,
1.023127,
1.021373,
1.020994,
1.022542

2 threaduri
0.694838,
0.700294,
0.700294,
0.695786,
0.695126

4 threaduri
0.350678,
0.353234,
0.358789,
0.351457,
0.379211

8 threaduri
0.180876,
0.180959,
0.181195,
0.183663,
0.182885

10 threaduri
0.148437,
0.146837,
0.147361,
0.146609,
0.147274


12 threaduri
0.229455,
0.227735,
0.228079,
0.226640,
0.227912


